20170101 14.2 35 42 18
20170102 13.0 22 36 9
20170103 13.0 33 38 28
20170104 9.8 38 46 30
20170105 9.8 29 32 22
20170106 11.0 25 28 9 
20170107 9.8 14 19 6 
20170108 11.8 14 20 -1
20170109 11.0 9 19 -5
20170110 11.0 12 39 -2
20170111 9.8 42 53 33
20170112 9.1 44 56 38
20170113 7.9 43 52 19
20170114 7.9 19 28 10
20170115 7.9 22 34 10
20170116 7.1 21 40 7 
20170117 7.1 27 43 14
20170118 11.8 32 33 28
20170119 11.8 31 40 26
20170120 11.0 30 37 20
20170121 11.0 36 45 32
20170122 9.8 35 40 30
20170123 9.1 32 34 30
20170124 9.1 32 36 29
20170125 9.1 35 38 29
20170126 9.1 38 50 32
20170127 9.1 38 41 34
20170128 9.1 35 39 26
20170129 9.1 32 39 23
20170130 9.1 26 34 14
20170131 9.1 20 28 9 