20170101 36.1 1.7 42 18 
20170102 33.0 -5.6 36 9 
20170103 33.0 0.6 38 28 
20170104 24.9 3.3 46 30 
20170105 24.9 -1.7 32 22 
20170106 27.9 -3.9 28 9 
20170107 24.9 -10.0 19 6 
20170108 30.0 -10.0 20 -1 
20170109 27.9 -12.8 19 -5 
20170110 27.9 -11.1 39 -2 
20170111 24.9 5.6 53 33 
20170112 23.1 6.7 56 38 
20170113 20.1 6.1 52 19 
20170114 20.1 -7.2 28 10 
20170115 20.1 -5.6 34 10 
20170116 18.0 -6.1 40 7 
20170117 18.0 -2.8 43 14 
20170118 30.0 0.0 33 28 
20170119 30.0 -0.6 40 26 
20170120 27.9 -1.1 37 20 
20170121 27.9 2.2 45 32 
20170122 24.9 1.7 40 30 
20170123 23.1 0.0 34 30 
20170124 23.1 0.0 36 29 
20170125 23.1 1.7 38 29 
20170126 23.1 3.3 50 32 
20170127 23.1 3.3 41 34 
20170128 23.1 1.7 39 26 
20170129 23.1 0.0 39 23 
20170130 23.1 -3.3 34 14 
20170131 23.1 -6.7 28 9 
